A
1111
1001
1111
1001

B
1000
1110
1010
1110

C
1111
1000
1000
1111

D
1110
1001
1001
1110

E
1111
1110
1000
1111

F
1111
1110
1000
1000

G
1111
1000
1001
1111

H
1000
1000
1111
1001

I
0100
0100
0100
0100

J
0100
0100
0100
1100

K
1010
1100
1010
1001

L
1000
1000
1000
1111

M
1001
1111
1001
1001

N
1001
1101
1011
1001

O
1111
1001
1001
1111

P
1111
1001
1110
1000

Q
1111
1001
1111
0001

R
1110
1001
1100
1010

S
1111
1000
0001
1111

T
1111
0100
0100
0100

U
1001
1001
1001
1111

V
1001
0101
0011
0001

W
1001
1001
1001
0110

X
0000
1010
0100
1010

Y
1001
0110
0010
0010

Z
1111
0100
0010
1111